080005760000107030070060005100602000507080203000503009700050040010704000052300080
984235761625147938371968425139672854567489213248513679796851342813724596452396187
000070091000034500093008000000002003751693824400800000000300180005480000910020000
846275391127934568593168247689542713751693824432817659274359186365481972918726435
980632070000001000726000000008005009160000053500400100000000641000200000030154027
981632574345871296726549318278315469164928753593467182852793641417286935639154827
107009005006002097090070100000081200050000070004620000009010050340700900700900804
137869425586142397492375186673581249258493671914627538869214753341758962725936814
090700400000609005073054800300060000980000043000040008009810720800307000005006080
596781432428639175173254896354968217981572643267143958639815724842397561715426389
206108730104090500080000400000850000000309000000012000003000040007080602042601305
256148739134297586789536421971854263425369178368712954613925847597483612842671395
060800900082053000000010408090200004017000890200008070506080000000530280008004030
461827953982453716375619428893271564617345892254968371536782149149536287728194635
703008000100032000050000900309000016061703520580000309008000060000140003000800107
743918652196532874852674931329485716461793528587261349918327465675149283234856197
004001502850200001006070300400700000023000170000002009001030900700006013905100600
374861592859243761216579384498715236523694178167382459681437925742956813935128647
400035700700910030350200040108003000000060000000400802010002093030059006009340001
491635728782914635356278149148523967927861354563497812615782493834159276279346581
010040000300079204504300607000000382000000000875000000403002908701930006000060030
917246853386579214524381697649715382132894765875623149463152978751938426298467531
150000000008065030009807002000000091802306704970000000300402100080530600000000023
154923876728165439639847512463758291812396754975214368396472185281539647547681923
740105300001600000306000102010000009500739001900000070402000708000002500005908023
749125386251683947386497152817256439524739861963814275432561798698372514175948623
010580009000170000538200010000800390004000200065002000070005168000018000600027050
712584639946173582538269714127846395894351276365792841279435168453618927681927453
060409058970001004000003000025100007004000100700002560000600000200300015830705040
162479358973851624458263971325186497694537182781942563517624839246398715839715246
000000057840009000003007496005040620400070005081020700568700900000500062320000000
296413857847659231153287496975841623432976185681325749568732914714598362329164578
006000800200400006891302700000234000500080009000591000003105268100003007004000300
456917823237458196891362754769234581512786439348591672973145268185623947624879315
000700546500002379009030000430006050000000000080400023000020900764900008291008000
312789546548162379679534182437296851126853497985471623853627914764915238291348765
000004007020650001000008320907400800046000570008005204032800000500046090600500000
195234687823657941764918325957462813246183579318795264432879156581346792679521438
800070064005008010000501980100000290007000600052000001064809000010700400270040006
891273564625498713743561982186354297437912658952687341364829175518736429279145836
600090020509002060080000504001200000068905240000003900807000010090300805010020009
643598127579412368182736594951264783368975241724183956837659412296341875415827639
000012040050006108000980600001029000500468007000170400007051000305800090020690000
876512349954736128213984675741329586532468917689175432497251863365847291128693754
200804000050010200000062058002006500500108003001300900130540000004080070000609004
216854739857913246943762158372496581569178423481325967138547692694281375725639814
730200000400910060000046700090003008007408300800700050008530000050074009000009031
736285914485917263219346785592163478167458392843792156928531647351674829674829531
086094030300600000020700560237000090000000000040000275072009050000007008090850610
786594132354621789921783564237415896569278341148936275872169453615347928493852617
000209070060580300000004290100400083009000700380006009098600000007023060030901000
841239675962587341753164298176492583429358716385716429298645137517823964634971852
000019007000400830030000916900240001200000009600095004361000070042006000700180000
586319247129467835437852916973248651254631789618795324361924578842576193795183462
000509001004001800091470000006900200209000608003002500000035940005600100900804000
327589461654321879891476325516948237249753618783162594178235946435697182962814753
400060130902001000100208004300000700049000320007000001700809003000500608081030009
478965132952341867136278954315492786649187325827653491764829513293514678581736249
050306020076080400210040500040005900000030000002600070008050061005060840060408090
854316729976582413213947586641875932789231654532694178498753261325169847167428395
014270800000000070000018504900000620048000150072000003307860000090000000006092710
514279836869435271723618594935184627648723159172956483357861942291547368486392715
001040285000500040003068007200000760000106000016000004100620400040005000362070900
671943285829517346453268197298354761734186529516792834185629473947835612362471958
000009000206350800300472001100200008002000900700006003900825006005043702000900000
541689327276351849398472561159234678632718954784596213917825436865143792423967185
063005000070000006104070030630507020900000005050309067090060104300000050000100790
863425971579831246124976538631587429987642315452319867795263184318794652246158793
007008523000200000000045700710580200060000030005013097001830000000002000352400900
497168523538297614126345789713589246869724135245613897971836452684952371352471968
509300070840170093000900000080000007024000510700000060000003000950047081070008309
519324876846175293237986145681452937324769518795831462168593724953247681472618359
700000903000009200092100050200051370000423000058790004020007410004200000501000002
715642983683579241492138657249851376167423598358796124926387415834215769571964832
000006003539100008000380000005008070806907105010500400000091000100003947900700000
481256793539174268627389514295418376846937125713562489374891652158623947962745831
080000030002004001090060487007430000800701006000086300739040050500300100010000090
684517239372894561195263487967432815843751926251986374739148652526379148418625793
500010000040890020007506000950062800003070200002380041000701500090028070000050004
539214768146897325287536419954162837813479256672385941368741592495628173721953684
048026093000009000600470100800010020010000030020040001002054006000700000590830240
148526793237189465659473182865317924714295638923648571372954816481762359596831247
060490800028000460950020010000684000000000000000253000010040078035000120002065040
361497852728531469954826317597684231243719685186253794619342578435978126872165943
000027640710300002020006000209400070001000200070002104000800020100009085092630000
983527641716348592425196738259461873641783259378952164537814926164279385892635417
000003400060000003040098156009504000604000905000109700856720090200000010001900000
182653479965417823347298156729584631614372985538169742856721394293846517471935268
120004870004002100090005004300460002000000000500021007400200050001800700083900041
125694873634782195897135624378469512912578436546321987469217358251843769783956241
000500006100608050600090030031200605500000004904007320040010008090704003300002000
489523716123678459657491832831249675572136984964857321746315298295784163318962547
000060900000582007085000604008200401002000800504003700703000540400739000009050000
217364958946582317385971624678295431132647895594813762763128549451739286829456173
100000000004900600093654000300020407025000910408090005000435180002009500000000009
156283794284971653793654821319528467625347918478196235967435182832719546541862379
710600009005009013040010007000002900900308001006100000600030070580200300400006028
713684259865729413249513687178462935924358761356197842692835174587241396431976528
300409000650070314807000000000005080005708400030100000000000709594010023000904001
321469578659872314847531962462395187915728436738146295186253749594617823273984651