050600702600009004024100080030078040000000000060910070080006150700800003305001060
851634792673289514924157386132578649597462831468913275289346157716895423345721968
090805040400002900023010006000170500900000001007029000600090420008600009040201060
196835247485762913723914856834176592962458371517329684671593428258647139349281765
000000509050006230200350070084700065000000000790008410070081002029400050806000000
643127589957846231218359674384712965561934728792568413475681392129473856836295147
750000809006090700000040053008600005021000430300004900280070000007060500503000074
752316849436895721819742653948637215621958437375124968284571396197463582563289174
008900470250004000940003006080700500000306000003001090100500064000600025065002100
318965472256874319947123856682749531591386247473251698129538764834617925765492183
000038009905600004301004200008002090100070002050800400007300906500006103800210000
624138579985627314371594268738452691146973852259861437417385926592746183863219745
087005030500008702060007004300009600090000010006300009900800020608500007030200580
287645931549138762163927854312489675495762318876351249954876123628513497731294586
000010007000407060000003512078200091300070004140008670965700000030805000800090000
286519437513427968497683512678254391359176824142938675965742183731865249824391756
002600503010500069000039000009802001020000050500703800000370000130004020607008300
982641573314587269756239184479852631823416957561793842298375416135964728647128395
200000006001060200500208013094700000700429008000005940650102004007050800400000002
289341576341567289576298413894716325735429168162835947653182794927654831418973652
850061900000040608000008050400802003080000020600705004040900000502080000008650071
854261937237549618916378452475892163189436725623715894741923586562187349398654271
018004009007900002904020580090000100400070005006000020043090806100003200600100390
218654739357981642964327581592436178431872965876519423743295816189763254625148397
034706002200000030060000800012300009403010206900005340005000020040000008300601490
534786912287149635169532874812364759453917286976825341695478123741293568328651497
000090020700000503031005980000950400050706090003048000075600810604000005010070000
548397621796281543231465987187952436452736198963148752375624819624819375819573264
800005070300002000074106500090300240700000009082007030008603720000500004020800006
869435172351792468274186593195368247736241859482957631948613725617529384523874916
004006007008000302200900065000050003065708920700090000430009001507000200900100700
154326897698547312273981465849652173365718924721493658436279581517864239982135746
000107300000608000030000720045062080890000065070850930054000010000206000003509000
489127356527638491136495728345962187891374265672851934254783619918246573763519842
400520080050130400000008605500000006008201500700000009201700000004095010070012008
439526781856137492127948635542389176698271543713654829281763954364895217975412368
800700402092010000070000591000079000210000056000520000168000070000080630304007009
831795462592614783476832591645179328217348956983526147168953274729481635354267819
000510070001709040000002501000200018160050032780003000506800000010607900040025000
429516873851739246637482591395274618164958732782163459576891324213647985948325167
001006009036900040700300086004070000600109002000060900350007008060001420400600500
541786239836912745729354186294875361673149852185263974352497618968531427417628593
700000042020060900035004800580100090000659000070008051008700420001030080240000003
769581342824367915135924876586173294412659738973248651358716429691432587247895163
000809010690000708100070009000008002480502097200700000700020006803000025050306000
537869214694251738128473659379618542486532197215794863741925386863147925952386471
009016504004700090000900610900002040002070100060500003023005000090007400408360200
839216574614758392257943618985132746342679185761584923123495867596827431478361259
003060901000400030080031004050007046002010700860500020300670090090002000204080600
743265981126498537589731264951827346432916758867543129315674892698152473274389615
032060005070045000900102006004000002300608004500000800700206008000950040200080960
432769185176845329958132476894573612321698754567421893749216538683957241215384967
040236008006000300000578040405007900000090000009800203050189000003000800900723060
741236598586941327392578641425317986837692154169854273654189732273465819918723465
057000201302100000000260030008000790920000056076000300080094000000002103203000940
657943281342178569819265437138456792924731856576829314781394625495682173263517948
027005039040300000503027000000009670009000200084700000000250307000003010730600850
827465139946318725513927486352149678179586243684732591498251367265873914731694852
000009047009007800430852000900000051004000700610000004000924078002500100790100000
586319247129467835437852916973248651254631789618795324361924578842576193795183462
020005001600000000051070000018392070060704010030561920000010890000000003200900060
429635781673128549851479632518392476962784315734561928345216897196847253287953164
271500060000001000560070002010092007020000040600430010300050091000900000080003576
271584369938621754564379182415892637823167945697435218342756891756918423189243576
800004260006803090001009038402000010000000000010000503270600300060401900095700006
839174265546823197721569438452387619683915724917246583274698351368451972195732846
000500090002003801000010204000907605050148030301605000107060000806300100040001000
714582396562493871983716254428937615659148732371625489137269548896354127245871963
900008000203400067070300091040060000091000650000010070130005040780004906000700003
914678235253491867678352491547263189391847652862519374136925748785134926429786513
010026003000050020300004700067030004004602300800070650008500002070040000600210090
519726843746358921382194765167935284954682317823471659498563172271849536635217498
006000080004900500030005607009180305300050002602039800403200050005006200060000100
576321489824967531931845627749182365318654972652739814493218756185476293267593148
300900501007010080090008070605740000900000004000036805070300010020070900803004007
368927541257413689194568372685749123932851764741236895579382416426175938813694257
010090000900050601070000030760140900009265400004078063040000090607020008000010020
316792845982354671475681239768143952139265487524978163241837596657429318893516724
030580090480900700000004008003000507008157300705000600200800000004005062050041070
637582491482913756591674238123469587968157324745328619279836145314795862856241973
000009005000200008060103200970520000140308072000017084001805030400002000300700000
217489365593276148864153297978524613145368972632917584721895436489632751356741829
679000040080072001301006000007031002000000000100860400000600103700210090010000524
679153248584972361321486759467531982938724615152869437295648173743215896816397524
080029700500006000000080095960010008057000120100050074210090000000700003005130040
486529731591376482732481695964217358357948126128653974213894567849765213675132849
091700500080052000230600000050060002340000065900030010000006057000310080004005130
491783526786152493235649871157968342348271965962534718813496257529317684674825139
000700301900130280700500000000010740407000806086070000000001002042067008809004000
628749351954136287731582964293618745417925836586473129365891472142367598879254613
000970004002030095093000270607103000000000000000705403065000340870050600300061000
156972834782436195493518276627143958534689712918725463265897341871354629349261587
009000876840100090000000100001450000304709508000031400008000000050007081472000300
519324876846175293237986145681452937324769518795831462168593724953247681472618359
000860740000005006800000501000017860001208400058690000905000004300900000014052000
592861743173425986846379521439517862761238459258694137925183674387946215614752398
000501090502080703006030050704000060020000080080000501060010900908040106040206000
473521698592684713816937452734158269125469387689372541267815934958743126341296875
350010000069004000700006080980030001004869200600070049030500008000600310000040062
358217496169384725742956183987432651514869237623175849436521978275698314891743562